K: 2
iterations:
10 50 100 200 400 800 1600 3200
[10, 50, 100, 200, 400, 800, 1600, 3200]

Fitness(RHC):
482.0 333.0 304.0 317.0 302.0 317.0 309.0 318.0
[482.0, 333.0, 304.0, 317.0, 302.0, 317.0, 309.0, 318.0]

Fitness(SA):
454.0 325.0 308.0 330.0 307.0 320.0 308.0 316.0
[454.0, 325.0, 308.0, 330.0, 307.0, 320.0, 308.0, 316.0]

Fitness(GA):
317.0 312.0 315.0 314.0 312.0 315.0 311.0 314.0
[317.0, 312.0, 315.0, 314.0, 312.0, 315.0, 311.0, 314.0]

Fitness(MM):
293.0 291.0 301.0 292.0 296.0 297.0 294.0 291.0
[293.0, 291.0, 301.0, 292.0, 296.0, 297.0, 294.0, 291.0]

Fitness(time_RHC):
0.005426192283630371 0.02101738452911377 0.02516334056854248 0.03120467662811279 0.029717326164245605 0.03261609077453613 0.02921559810638428 0.027730679512023924
[0.005426192283630371, 0.02101738452911377, 0.02516334056854248, 0.03120467662811279, 0.029717326164245605, 0.03261609077453613, 0.02921559810638428, 0.027730679512023924]

Fitness(time_SA):
0.005671095848083496 0.022333598136901854 0.03631591796875 0.038497757911682126 0.04029440879821777 0.04185802936553955 0.040696215629577634 0.040821957588195804
[0.005671095848083496, 0.022333598136901854, 0.03631591796875, 0.038497757911682126, 0.04029440879821777, 0.04185802936553955, 0.040696215629577634, 0.040821957588195804]

Fitness(time_GA):
0.7039475440979004 0.9463791847229004 1.0950117111206055 1.214651107788086 2.179265260696411 0.9584512710571289 0.941669225692749 0.7643866539001465
[0.7039475440979004, 0.9463791847229004, 1.0950117111206055, 1.214651107788086, 2.179265260696411, 0.9584512710571289, 0.941669225692749, 0.7643866539001465]

Fitness(time_MM):
8.724388360977173 13.896381139755249 17.69147515296936 16.700350284576416 15.498106956481934 13.849683046340942 15.268544673919678 17.47407555580139
[8.724388360977173, 13.896381139755249, 17.69147515296936, 16.700350284576416, 15.498106956481934, 13.849683046340942, 15.268544673919678, 17.47407555580139]

K: 3
iterations:
10 50 100 200 400 800 1600 3200
[10, 50, 100, 200, 400, 800, 1600, 3200]

Fitness(RHC):
485.0 220.0 196.0 207.0 204.0 203.0 203.0 224.0
[485.0, 220.0, 196.0, 207.0, 204.0, 203.0, 203.0, 224.0]

Fitness(SA):
474.0 226.0 206.0 194.0 200.0 191.0 194.0 180.0
[474.0, 226.0, 206.0, 194.0, 200.0, 191.0, 194.0, 180.0]

Fitness(GA):
210.0 205.0 204.0 207.0 203.0 207.0 203.0 207.0
[210.0, 205.0, 204.0, 207.0, 203.0, 207.0, 203.0, 207.0]

Fitness(MM):
191.0 178.0 181.0 179.0 181.0 181.0 188.0 178.0
[191.0, 178.0, 181.0, 179.0, 181.0, 181.0, 188.0, 178.0]

Fitness(time_RHC):
0.006474137306213379 0.022654509544372557 0.033604907989501956 0.03793468475341797 0.04211859703063965 0.03530948162078858 0.03728175163269043 0.03625931739807129
[0.006474137306213379, 0.022654509544372557, 0.033604907989501956, 0.03793468475341797, 0.04211859703063965, 0.03530948162078858, 0.03728175163269043, 0.03625931739807129]

Fitness(time_SA):
0.005678915977478027 0.023870205879211424 0.041872835159301756 0.05279471874237061 0.05879518985748291 0.04603235721588135 0.048515844345092776 0.07230217456817627
[0.005678915977478027, 0.023870205879211424, 0.041872835159301756, 0.05279471874237061, 0.05879518985748291, 0.04603235721588135, 0.048515844345092776, 0.07230217456817627]

Fitness(time_GA):
0.7195236682891846 1.3426592350006104 0.9249417781829834 0.98488450050354 1.0635910034179688 1.7405803203582764 1.4841525554656982 1.8607628345489502
[0.7195236682891846, 1.3426592350006104, 0.9249417781829834, 0.98488450050354, 1.0635910034179688, 1.7405803203582764, 1.4841525554656982, 1.8607628345489502]

Fitness(time_MM):
8.40706753730774 19.316261529922485 17.423736572265625 17.67445182800293 19.033562183380127 18.20559000968933 17.851688623428345 20.54532766342163
[8.40706753730774, 19.316261529922485, 17.423736572265625, 17.67445182800293, 19.033562183380127, 18.20559000968933, 17.851688623428345, 20.54532766342163]

K: 4
iterations:
10 50 100 200 400 800 1600 3200
[10, 50, 100, 200, 400, 800, 1600, 3200]

Fitness(RHC):
470.0 193.0 159.0 163.0 137.0 151.0 141.0 156.0
[470.0, 193.0, 159.0, 163.0, 137.0, 151.0, 141.0, 156.0]

Fitness(SA):
459.0 174.0 139.0 135.0 134.0 134.0 143.0 145.0
[459.0, 174.0, 139.0, 135.0, 134.0, 134.0, 143.0, 145.0]

Fitness(GA):
154.0 152.0 153.0 154.0 153.0 152.0 157.0 151.0
[154.0, 152.0, 153.0, 154.0, 153.0, 152.0, 157.0, 151.0]

Fitness(MM):
133.0 131.0 121.0 131.0 127.0 130.0 124.0 130.0
[133.0, 131.0, 121.0, 131.0, 127.0, 130.0, 124.0, 130.0]

Fitness(time_RHC):
0.006456398963928222 0.023178720474243165 0.0348243236541748 0.03763444423675537 0.04444136619567871 0.04018712043762207 0.042735171318054196 0.0381007194519043
[0.006456398963928222, 0.023178720474243165, 0.0348243236541748, 0.03763444423675537, 0.04444136619567871, 0.04018712043762207, 0.042735171318054196, 0.0381007194519043]

Fitness(time_SA):
0.006286334991455078 0.02347385883331299 0.04334590435028076 0.059041285514831544 0.062113285064697266 0.05982892513275147 0.0527005672454834 0.06078810691833496
[0.006286334991455078, 0.02347385883331299, 0.04334590435028076, 0.059041285514831544, 0.062113285064697266, 0.05982892513275147, 0.0527005672454834, 0.06078810691833496]

Fitness(time_GA):
0.8135390281677246 0.8961019515991211 1.0597796440124512 1.4951858520507812 1.027184247970581 1.4609315395355225 0.8045206069946289 0.9266560077667236
[0.8135390281677246, 0.8961019515991211, 1.0597796440124512, 1.4951858520507812, 1.027184247970581, 1.4609315395355225, 0.8045206069946289, 0.9266560077667236]

Fitness(time_MM):
8.764040470123291 19.512141466140747 21.10324215888977 18.668192386627197 21.81564974784851 17.029040575027466 17.01546335220337 21.06882929801941
[8.764040470123291, 19.512141466140747, 21.10324215888977, 18.668192386627197, 21.81564974784851, 17.029040575027466, 17.01546335220337, 21.06882929801941]

