iterations:
10 50 100 200 400 800 1600 3200
[10, 50, 100, 200, 400, 800, 1600, 3200]

Fitness(RHC):
3326.4680466735585 11703.23385808981 2068.474638299177 5851.5000238968605 10250.656838201445 9942.48447929469 7422.616787852842 5102.68777989633
[3326.4680466735585, 11703.23385808981, 2068.474638299177, 5851.5000238968605, 10250.656838201445, 9942.48447929469, 7422.616787852842, 5102.68777989633]

Fitness(SA):
1210.6625563166967 8915.592249306286 5486.446176262219 11881.09897685461 9153.391762637199 9042.754697384607 5971.280962678086 2973.989137025324
[1210.6625563166967, 8915.592249306286, 5486.446176262219, 11881.09897685461, 9153.391762637199, 9042.754697384607, 5971.280962678086, 2973.989137025324]

Fitness(GA):
11795.231030446854 11346.976297112735 12147.39799057919 13257.781593754999 12812.758628731608 12507.488516636666 13110.386822951132 12305.858147291225
[11795.231030446854, 11346.976297112735, 12147.39799057919, 13257.781593754999, 12812.758628731608, 12507.488516636666, 13110.386822951132, 12305.858147291225]

Fitness(MM):
10574.106613549753 12517.099181028001 12607.728469502372 11847.806605716762 11656.681983473907 12560.334210958228 10725.54803559282 10484.079787163579
[10574.106613549753, 12517.099181028001, 12607.728469502372, 11847.806605716762, 11656.681983473907, 12560.334210958228, 10725.54803559282, 10484.079787163579]

Fitness(time_RHC):
0.0008535623550415039 0.0016901016235351563 0.0017547845840454102 0.0016770124435424804 0.0014673948287963867 0.0016595840454101563 0.0014500856399536134 0.0015130281448364259
[0.0008535623550415039, 0.0016901016235351563, 0.0017547845840454102, 0.0016770124435424804, 0.0014673948287963867, 0.0016595840454101563, 0.0014500856399536134, 0.0015130281448364259]

Fitness(time_SA):
0.0008187770843505859 0.0021329164505004884 0.002508664131164551 0.0017559289932250976 0.001901865005493164 0.0020232439041137696 0.001914215087890625 0.0017486572265625
[0.0008187770843505859, 0.0021329164505004884, 0.002508664131164551, 0.0017559289932250976, 0.001901865005493164, 0.0020232439041137696, 0.001914215087890625, 0.0017486572265625]

Fitness(time_GA):
0.27310919761657715 0.46282339096069336 0.4749751091003418 0.6867890357971191 0.9228954315185547 0.3849825859069824 0.41848206520080566 0.5640017986297607
[0.27310919761657715, 0.46282339096069336, 0.4749751091003418, 0.6867890357971191, 0.9228954315185547, 0.3849825859069824, 0.41848206520080566, 0.5640017986297607]

Fitness(time_MM):
10.862237215042114 24.561131238937378 20.2352352142334 21.59762167930603 25.87158441543579 25.771671056747437 20.0445077419281 21.495369911193848
[10.862237215042114, 24.561131238937378, 20.2352352142334, 21.59762167930603, 25.87158441543579, 25.771671056747437, 20.0445077419281, 21.495369911193848]

