iterations:
10 50 100 200 400 800 1600 3200
[10, 50, 100, 200, 400, 800, 1600, 3200]

Fitness(RHC):
874.0 153.0 41.0 28.0 31.0 47.0 46.0 30.0
[874.0, 153.0, 41.0, 28.0, 31.0, 47.0, 46.0, 30.0]

Fitness(SA):
832.0 173.0 49.0 25.0 18.0 17.0 24.0 20.0
[832.0, 173.0, 49.0, 25.0, 18.0, 17.0, 24.0, 20.0]

Fitness(GA):
38.0 32.0 34.0 37.0 33.0 34.0 36.0 35.0
[38.0, 32.0, 34.0, 37.0, 33.0, 34.0, 36.0, 35.0]

Fitness(MM):
33.0 28.0 33.0 35.0 35.0 37.0 30.0 33.0
[33.0, 28.0, 33.0, 35.0, 35.0, 37.0, 30.0, 33.0]

Fitness(time_RHC):
0.02020390033721924 0.10506126880645753 0.1984010696411133 0.2678872585296631 0.28048205375671387 0.2434434175491333 0.23795068264007568 0.26022446155548096
[0.02020390033721924, 0.10506126880645753, 0.1984010696411133, 0.2678872585296631, 0.28048205375671387, 0.2434434175491333, 0.23795068264007568, 0.26022446155548096]

Fitness(time_SA):
0.021001458168029785 0.11498057842254639 0.22646479606628417 0.36298489570617676 0.41529083251953125 0.43944251537323 0.4408616065979004 0.4494891881942749
[0.021001458168029785, 0.11498057842254639, 0.22646479606628417, 0.36298489570617676, 0.41529083251953125, 0.43944251537323, 0.4408616065979004, 0.4494891881942749]

Fitness(time_GA):
3.3991336822509766 8.10835862159729 6.191943168640137 4.957926988601685 6.451164722442627 5.294522285461426 3.662581443786621 5.591345548629761
[3.3991336822509766, 8.10835862159729, 6.191943168640137, 4.957926988601685, 6.451164722442627, 5.294522285461426, 3.662581443786621, 5.591345548629761]

Fitness(time_MM):
16.4068546295166 27.401118278503418 24.197007417678833 19.762248754501343 17.730546236038208 20.24314022064209 20.300657272338867 21.754340887069702
[16.4068546295166, 27.401118278503418, 24.197007417678833, 19.762248754501343, 17.730546236038208, 20.24314022064209, 20.300657272338867, 21.754340887069702]

