<<<Algorithm: genetic_alg>>
iterations:
100 500 1000 5000 10000 15000 20000
[100, 500, 1000, 5000, 10000, 15000, 20000]

train_scores: 0.6533385093167701
0.7934782608695652 0.6019021739130435 0.5991847826086957 0.5855978260869565 0.6766304347826086 0.6127717391304348 0.7038043478260869
[0.7934782608695652, 0.6019021739130435, 0.5991847826086957, 0.5855978260869565, 0.6766304347826086, 0.6127717391304348, 0.7038043478260869]

train_tests: 0.6242236024844721
0.7554347826086957 0.5706521739130435 0.5652173913043478 0.5815217391304348 0.6847826086956522 0.5543478260869565 0.657608695652174
[0.7554347826086957, 0.5706521739130435, 0.5652173913043478, 0.5815217391304348, 0.6847826086956522, 0.5543478260869565, 0.657608695652174]

times:
23.989981651306152 124.05998841921489 248.2063844203949 372.7221273581187 298.15099334716797 254.86819235483804 380.733430703481
[23.989981651306152, 124.05998841921489, 248.2063844203949, 372.7221273581187, 298.15099334716797, 254.86819235483804, 380.733430703481]

