<<<Algorithm: random_hill_climb>>
iterations:
100 500 1000 5000 10000 15000 20000
[100, 500, 1000, 5000, 10000, 15000, 20000]

train_scores: 0.8480201863354038
0.6345108695652174 0.7038043478260869 0.7608695652173914 0.9130434782608695 0.9578804347826086 0.9728260869565217 0.9932065217391305
[0.6345108695652174, 0.7038043478260869, 0.7608695652173914, 0.9130434782608695, 0.9578804347826086, 0.9728260869565217, 0.9932065217391305]

train_tests: 0.8043478260869564
0.6195652173913043 0.6521739130434783 0.7228260869565217 0.8913043478260869 0.9130434782608695 0.9184782608695652 0.9130434782608695
[0.6195652173913043, 0.6521739130434783, 0.7228260869565217, 0.8913043478260869, 0.9130434782608695, 0.9184782608695652, 0.9130434782608695]

times:
0.13916242122650146 0.6877923965454101 1.5231348037719727 8.513422799110412 14.486738586425782 21.860089230537415 29.41420648097992
[0.13916242122650146, 0.6877923965454101, 1.5231348037719727, 8.513422799110412, 14.486738586425782, 21.860089230537415, 29.41420648097992]
