<<<Algorithm: simulated_annealing>>
iterations:
100 500 1000 5000 10000 15000 20000 25000
[100, 500, 1000, 5000, 10000, 15000, 20000, 25000]

train_scores: 0.7926290760869565
0.6059782608695652 0.6046195652173914 0.6467391304347826 0.8288043478260869 0.873641304347826 0.9171195652173914 0.9252717391304348 0.938858695652174
[0.6059782608695652, 0.6046195652173914, 0.6467391304347826, 0.8288043478260869, 0.873641304347826, 0.9171195652173914, 0.9252717391304348, 0.938858695652174]

train_tests: 0.8070652173913043
0.5815217391304348 0.5815217391304348 0.6956521739130435 0.8641304347826086 0.907608695652174 0.9293478260869565 0.9456521739130435 0.9510869565217391
[0.5815217391304348, 0.5815217391304348, 0.6956521739130435, 0.8641304347826086, 0.907608695652174, 0.9293478260869565, 0.9456521739130435, 0.9510869565217391]

times:
0.20300040245056153 1.0327179908752442 2.089365100860596 11.957755970954896 22.012370300292968 33.70112919807434 46.034673595428465 57.02321879863739
[0.20300040245056153, 1.0327179908752442, 2.089365100860596, 11.957755970954896, 22.012370300292968, 33.70112919807434, 46.034673595428465, 57.02321879863739]
